1.000000000000000000e+03 4.954615672300000006e+04 1.930000000000000000e+02 4.828088000000000157e+00 3.000000000000000000e+01
1.000000000000000000e+03 4.954617142099999910e+04 1.930000000000000000e+02 4.920689999999999564e+00 3.000000000000000000e+01
1.000000000000000000e+03 4.957308126700000139e+04 2.200000000000000000e+02 4.817159000000000191e+00 3.000000000000000000e+01
1.000000000000000000e+03 4.957309875499999907e+04 2.200000000000000000e+02 4.927342999999999584e+00 3.000000000000000000e+01
1.000000000000000000e+03 4.983835079599999881e+04 4.850000000000000000e+02 4.790853000000000250e+00 3.000000000000000000e+01
1.000000000000000000e+03 4.983836926200000016e+04 4.850000000000000000e+02 4.907199999999999562e+00 3.000000000000000000e+01
1.000000000000000000e+03 4.989320487799999682e+04 5.400000000000000000e+02 4.817667000000000144e+00 3.000000000000000000e+01
1.000000000000000000e+03 4.989322208099999989e+04 5.400000000000000000e+02 4.926055999999999990e+00 3.000000000000000000e+01
1.000000000000000000e+03 4.989919229700000142e+04 5.460000000000000000e+02 4.841618000000000421e+00 3.000000000000000000e+01
1.000000000000000000e+03 4.989920766700000240e+04 5.460000000000000000e+02 4.938455000000000261e+00 3.000000000000000000e+01
1.000000000000000000e+03 4.995003530399999727e+04 5.970000000000000000e+02 4.729847000000000357e+00 3.000000000000000000e+01
1.000000000000000000e+03 4.995004993500000273e+04 5.970000000000000000e+02 4.822025000000000006e+00 3.000000000000000000e+01
1.000000000000000000e+03 5.018938451000000350e+04 8.360000000000000000e+02 4.758259999999999934e+00 3.000000000000000000e+01
1.000000000000000000e+03 5.018940266900000279e+04 8.360000000000000000e+02 4.872669000000000139e+00 3.000000000000000000e+01
1.000000000000000000e+03 5.025620815700000094e+04 9.030000000000000000e+02 4.799756999999999607e+00 3.000000000000000000e+01
1.000000000000000000e+03 5.025622623700000258e+04 9.030000000000000000e+02 4.913666000000000089e+00 3.000000000000000000e+01
1.000000000000000000e+03 5.027515389799999684e+04 9.220000000000000000e+02 4.784754000000000396e+00 3.000000000000000000e+01
1.000000000000000000e+03 5.027516466699999728e+04 9.220000000000000000e+02 4.852605999999999753e+00 3.000000000000000000e+01
1.000000000000000000e+03 5.031106175100000110e+04 9.580000000000000000e+02 4.823495000000000310e+00 3.000000000000000000e+01
1.000000000000000000e+03 5.031107475100000011e+04 9.580000000000000000e+02 4.905397999999999925e+00 3.000000000000000000e+01
1.000000000000000000e+03 5.054740186700000049e+04 1.194000000000000000e+03 4.743030000000000079e+00 3.000000000000000000e+01
1.000000000000000000e+03 5.064016390800000227e+04 1.287000000000000000e+03 4.843657000000000323e+00 3.000000000000000000e+01
1.000000000000000000e+03 5.064018303800000285e+04 1.287000000000000000e+03 4.964180999999999955e+00 3.000000000000000000e+01
1.000000000000000000e+03 5.065516842100000213e+04 1.302000000000000000e+03 5.130130000000000301e+00 3.000000000000000000e+01
1.000000000000000000e+03 5.069300312899999699e+04 1.340000000000000000e+03 4.742429999999999701e+00 3.000000000000000000e+01
1.000000000000000000e+03 5.069302052099999855e+04 1.340000000000000000e+03 4.852011000000000074e+00 3.000000000000000000e+01
1.000000000000000000e+03 5.069309572299999854e+04 1.340000000000000000e+03 5.325814000000000270e+00 3.000000000000000000e+01
1.000000000000000000e+03 5.071104642900000181e+04 1.358000000000000000e+03 5.324893000000000320e+00 3.000000000000000000e+01
1.000000000000000000e+03 5.071106148399999802e+04 1.358000000000000000e+03 5.419740000000000002e+00 3.000000000000000000e+01
1.000000000000000000e+03 5.092638869400000112e+04 1.573000000000000000e+03 4.896709999999999674e+00 3.000000000000000000e+01
1.000000000000000000e+03 5.092640546200000244e+04 1.573000000000000000e+03 5.002350999999999992e+00 3.000000000000000000e+01
1.000000000000000000e+03 5.095927223999999842e+04 1.606000000000000000e+03 4.730697000000000152e+00 3.000000000000000000e+01
1.000000000000000000e+03 5.095929040399999940e+04 1.606000000000000000e+03 4.845137000000000249e+00 3.000000000000000000e+01
1.000000000000000000e+03 5.101214913499999966e+04 1.659000000000000000e+03 4.866833999999999882e+00 3.000000000000000000e+01
1.000000000000000000e+03 5.101216320100000303e+04 1.659000000000000000e+03 4.955452000000000190e+00 3.000000000000000000e+01
1.000000000000000000e+03 5.102312277300000278e+04 1.670000000000000000e+03 4.889975999999999878e+00 3.000000000000000000e+01
1.000000000000000000e+03 5.102313973200000328e+04 1.670000000000000000e+03 4.996823000000000015e+00 3.000000000000000000e+01
1.000000000000000000e+03 5.109909904500000266e+04 1.746000000000000000e+03 6.047888000000000375e+00 3.000000000000000000e+01
1.000000000000000000e+03 5.109912218700000085e+04 1.746000000000000000e+03 6.193692999999999671e+00 3.000000000000000000e+01
1.000000000000000000e+03 5.131739327800000319e+04 1.964000000000000000e+03 5.368695999999999913e+00 3.000000000000000000e+01
1.000000000000000000e+03 5.131741384999999718e+04 1.964000000000000000e+03 5.498307999999999751e+00 3.000000000000000000e+01
1.000000000000000000e+03 5.136617127400000027e+04 2.013000000000000000e+03 4.812918999999999947e+00 3.000000000000000000e+01
1.000000000000000000e+03 5.136618792099999700e+04 2.013000000000000000e+03 4.917803000000000146e+00 3.000000000000000000e+01
1.000000000000000000e+03 5.142200658899999689e+04 2.069000000000000000e+03 4.738699999999999690e+00 3.000000000000000000e+01
1.000000000000000000e+03 5.142202202199999738e+04 2.069000000000000000e+03 4.835931999999999675e+00 3.000000000000000000e+01
1.000000000000000000e+03 5.142207578600000124e+04 2.069000000000000000e+03 5.174665000000000070e+00 3.000000000000000000e+01
1.000000000000000000e+03 5.142209114699999918e+04 2.069000000000000000e+03 5.271442999999999657e+00 3.000000000000000000e+01
1.000000000000000000e+03 5.166438878999999724e+04 2.311000000000000000e+03 5.026604999999999990e+00 3.000000000000000000e+01
1.000000000000000000e+03 5.166441183099999762e+04 2.311000000000000000e+03 5.171768000000000143e+00 3.000000000000000000e+01
1.000000000000000000e+03 5.172121194000000105e+04 2.368000000000000000e+03 4.892940000000000289e+00 3.000000000000000000e+01
1.000000000000000000e+03 5.172122866500000237e+04 2.368000000000000000e+03 4.998311000000000170e+00 3.000000000000000000e+01
1.000000000000000000e+03 5.172128832500000135e+04 2.368000000000000000e+03 5.374195000000000277e+00 3.000000000000000000e+01
1.000000000000000000e+03 5.172130432699999801e+04 2.368000000000000000e+03 5.475012000000000434e+00 3.000000000000000000e+01
1.000000000000000000e+03 5.175710615300000063e+04 2.404000000000000000e+03 4.845737999999999879e+00 3.000000000000000000e+01
1.000000000000000000e+03 5.175712059299999964e+04 2.404000000000000000e+03 4.936719000000000079e+00 3.000000000000000000e+01
1.000000000000000000e+03 5.178601082699999824e+04 2.433000000000000000e+03 4.744028000000000134e+00 3.000000000000000000e+01
1.000000000000000000e+03 5.178603341899999941e+04 2.433000000000000000e+03 4.886365999999999765e+00 3.000000000000000000e+01
1.000000000000000000e+03 5.202038346900000033e+04 2.667000000000000000e+03 4.834086000000000105e+00 3.000000000000000000e+01
1.000000000000000000e+03 5.202039855199999874e+04 2.667000000000000000e+03 4.929113000000000078e+00 3.000000000000000000e+01
1.000000000000000000e+03 5.203235145500000363e+04 2.679000000000000000e+03 4.838817999999999842e+00 3.000000000000000000e+01
1.000000000000000000e+03 5.203236863699999958e+04 2.679000000000000000e+03 4.947073999999999749e+00 3.000000000000000000e+01
1.000000000000000000e+03 5.208620224700000108e+04 2.733000000000000000e+03 4.827700000000000102e+00 3.000000000000000000e+01
1.000000000000000000e+03 5.208622071999999753e+04 2.733000000000000000e+03 4.944086000000000425e+00 3.000000000000000000e+01
1.000000000000000000e+03 5.213321542600000248e+04 2.780000000000000000e+03 5.719266000000000183e+00 3.000000000000000000e+01
1.000000000000000000e+03 5.213323632799999905e+04 2.780000000000000000e+03 5.850957000000000185e+00 3.000000000000000000e+01
1.000000000000000000e+03 5.216299913899999956e+04 2.810000000000000000e+03 4.872654999999999959e+00 3.000000000000000000e+01
1.000000000000000000e+03 5.216301273799999763e+04 2.810000000000000000e+03 4.958337000000000216e+00 3.000000000000000000e+01
1.000000000000000000e+03 5.237539539599999989e+04 3.022000000000000000e+03 4.733037000000000383e+00 3.000000000000000000e+01
1.000000000000000000e+03 5.237640492500000255e+04 3.023000000000000000e+03 4.810275999999999996e+00 3.000000000000000000e+01
1.000000000000000000e+03 5.240433198899999843e+04 3.051000000000000000e+03 4.832425999999999888e+00 3.000000000000000000e+01
1.000000000000000000e+03 5.240435194000000047e+04 3.051000000000000000e+03 4.958128000000000313e+00 3.000000000000000000e+01
1.000000000000000000e+03 5.240830686699999933e+04 3.055000000000000000e+03 4.742962999999999596e+00 3.000000000000000000e+01
1.000000000000000000e+03 5.240832170200000110e+04 3.055000000000000000e+03 4.836425000000000196e+00 3.000000000000000000e+01
1.000000000000000000e+03 5.249508192899999995e+04 3.142000000000000000e+03 4.822409000000000390e+00 3.000000000000000000e+01
1.000000000000000000e+03 5.249509980000000360e+04 3.142000000000000000e+03 4.934999999999999609e+00 3.000000000000000000e+01
1.000000000000000000e+03 5.251502540900000167e+04 3.162000000000000000e+03 4.810368000000000421e+00 3.000000000000000000e+01
1.000000000000000000e+03 5.251504365300000063e+04 3.162000000000000000e+03 4.925309000000000381e+00 3.000000000000000000e+01
1.000000000000000000e+03 5.276234481399999640e+04 3.409000000000000000e+03 4.788649000000000377e+00 3.000000000000000000e+01
1.000000000000000000e+03 5.276236531799999648e+04 3.409000000000000000e+03 4.917830999999999619e+00 3.000000000000000000e+01
1.000000000000000000e+03 5.279231627499999740e+04 3.439000000000000000e+03 5.124920000000000364e+00 3.000000000000000000e+01
1.000000000000000000e+03 5.279232990799999970e+04 3.439000000000000000e+03 5.210817999999999728e+00 3.000000000000000000e+01
1.000000000000000000e+03 5.284119781700000021e+04 3.488000000000000000e+03 5.221524999999999750e+00 3.000000000000000000e+01
1.000000000000000000e+03 5.284314355899999646e+04 3.490000000000000000e+03 4.914086000000000176e+00 3.000000000000000000e+01
1.000000000000000000e+03 5.284316122699999687e+04 3.490000000000000000e+03 5.025403999999999982e+00 3.000000000000000000e+01
1.000000000000000000e+03 5.286805576399999700e+04 3.515000000000000000e+03 4.791013000000000410e+00 3.000000000000000000e+01
1.000000000000000000e+03 5.286807805299999745e+04 3.515000000000000000e+03 4.931443999999999939e+00 3.000000000000000000e+01
1.000000000000000000e+03 5.287205119500000001e+04 3.519000000000000000e+03 4.831038999999999639e+00 3.000000000000000000e+01
1.000000000000000000e+03 5.287206583099999989e+04 3.519000000000000000e+03 4.923249000000000208e+00 3.000000000000000000e+01
1.000000000000000000e+03 4.956229325899999822e+04 2.090000000000000000e+02 5.963561999999999585e+00 3.000000000000000000e+01
1.000000000000000000e+03 4.956230810899999778e+04 2.090000000000000000e+02 6.057121999999999673e+00 3.000000000000000000e+01
1.000000000000000000e+03 4.956232516600000235e+04 2.090000000000000000e+02 6.164592999999999989e+00 3.000000000000000000e+01
1.000000000000000000e+03 4.956234005600000091e+04 2.090000000000000000e+02 6.258404999999999774e+00 3.000000000000000000e+01
1.000000000000000000e+03 4.957207405799999833e+04 2.190000000000000000e+02 4.754540999999999684e+00 3.000000000000000000e+01
1.000000000000000000e+03 4.957208910800000012e+04 2.190000000000000000e+02 4.849359999999999893e+00 3.000000000000000000e+01
1.000000000000000000e+03 4.959705063399999926e+04 2.440000000000000000e+02 5.037029999999999674e+00 3.000000000000000000e+01
1.000000000000000000e+03 4.959706641200000013e+04 2.440000000000000000e+02 5.136439000000000199e+00 3.000000000000000000e+01
1.000000000000000000e+03 4.983536620699999912e+04 4.820000000000000000e+02 4.836337999999999582e+00 3.000000000000000000e+01
1.000000000000000000e+03 4.983538698699999804e+04 4.820000000000000000e+02 4.967264000000000124e+00 3.000000000000000000e+01
1.000000000000000000e+03 4.983637641900000017e+04 4.830000000000000000e+02 4.917881999999999643e+00 3.000000000000000000e+01
1.000000000000000000e+03 4.983639423900000111e+04 4.830000000000000000e+02 5.030155999999999850e+00 3.000000000000000000e+01
1.000000000000000000e+03 4.983936518300000171e+04 4.860000000000000000e+02 4.898704000000000391e+00 3.000000000000000000e+01
1.000000000000000000e+03 4.983938692099999753e+04 4.860000000000000000e+02 5.035661000000000165e+00 3.000000000000000000e+01
1.000000000000000000e+03 4.986825868400000036e+04 5.150000000000000000e+02 4.726596999999999937e+00 3.000000000000000000e+01
1.000000000000000000e+03 4.986827627799999755e+04 5.150000000000000000e+02 4.837443999999999633e+00 3.000000000000000000e+01
1.000000000000000000e+03 4.989120095199999923e+04 5.380000000000000000e+02 4.758525999999999812e+00 3.000000000000000000e+01
1.000000000000000000e+03 4.989121786599999905e+04 5.380000000000000000e+02 4.865090999999999610e+00 3.000000000000000000e+01
1.000000000000000000e+03 4.990017673300000024e+04 5.470000000000000000e+02 4.760766000000000275e+00 3.000000000000000000e+01
1.000000000000000000e+03 4.990019385999999940e+04 5.470000000000000000e+02 4.868667000000000300e+00 3.000000000000000000e+01
1.000000000000000000e+03 4.990216648800000257e+04 5.490000000000000000e+02 4.730618999999999907e+00 3.000000000000000000e+01
1.000000000000000000e+03 4.990218034299999999e+04 5.490000000000000000e+02 4.817910000000000359e+00 3.000000000000000000e+01
1.000000000000000000e+03 4.997303241200000048e+04 6.200000000000000000e+02 5.107287000000000354e+00 3.000000000000000000e+01
1.000000000000000000e+03 4.997304686000000220e+04 6.200000000000000000e+02 5.198316000000000159e+00 3.000000000000000000e+01
1.000000000000000000e+03 4.997701014299999952e+04 6.240000000000000000e+02 5.035795000000000243e+00 3.000000000000000000e+01
1.000000000000000000e+03 4.997702703900000051e+04 6.240000000000000000e+02 5.142246000000000095e+00 3.000000000000000000e+01
1.000000000000000000e+03 5.019837700999999652e+04 8.450000000000000000e+02 4.865834999999999688e+00 3.000000000000000000e+01
1.000000000000000000e+03 5.019839849099999992e+04 8.450000000000000000e+02 5.001173999999999786e+00 3.000000000000000000e+01
1.000000000000000000e+03 5.019841534400000091e+04 8.450000000000000000e+02 5.107352999999999810e+00 3.000000000000000000e+01
1.000000000000000000e+03 5.021637005199999840e+04 8.630000000000000000e+02 5.131642000000000259e+00 3.000000000000000000e+01
1.000000000000000000e+03 5.021638011499999993e+04 8.630000000000000000e+02 5.195047999999999888e+00 3.000000000000000000e+01
1.000000000000000000e+03 5.025724335699999938e+04 9.040000000000000000e+02 5.038732999999999684e+00 3.000000000000000000e+01
1.000000000000000000e+03 5.025725845000000118e+04 9.040000000000000000e+02 5.133820000000000050e+00 3.000000000000000000e+01
1.000000000000000000e+03 5.030307450200000312e+04 9.500000000000000000e+02 4.766208999999999918e+00 3.000000000000000000e+01
1.000000000000000000e+03 5.030309509000000253e+04 9.500000000000000000e+02 4.895921000000000411e+00 3.000000000000000000e+01
1.000000000000000000e+03 5.031320365299999685e+04 9.600000000000000000e+02 5.751936999999999856e+00 3.000000000000000000e+01
1.000000000000000000e+03 5.031322808100000111e+04 9.600000000000000000e+02 5.905842999999999954e+00 3.000000000000000000e+01
1.000000000000000000e+03 5.031404620199999772e+04 9.610000000000000000e+02 4.777135999999999605e+00 3.000000000000000000e+01
1.000000000000000000e+03 5.031406986999999936e+04 9.610000000000000000e+02 4.926257999999999804e+00 3.000000000000000000e+01
1.000000000000000000e+03 5.031704011300000275e+04 9.640000000000000000e+02 4.790381000000000000e+00 3.000000000000000000e+01
1.000000000000000000e+03 5.031706203700000333e+04 9.640000000000000000e+02 4.928511999999999560e+00 3.000000000000000000e+01
1.000000000000000000e+03 5.032601821599999676e+04 9.730000000000000000e+02 4.807248999999999661e+00 3.000000000000000000e+01
1.000000000000000000e+03 5.034602343799999653e+04 9.930000000000000000e+02 5.184201999999999977e+00 3.000000000000000000e+01
1.000000000000000000e+03 5.034604757300000347e+04 9.930000000000000000e+02 5.336261999999999617e+00 3.000000000000000000e+01
1.000000000000000000e+03 5.055240340499999729e+04 1.199000000000000000e+03 4.838731000000000115e+00 3.000000000000000000e+01
1.000000000000000000e+03 5.055339836099999957e+04 1.200000000000000000e+03 4.824156000000000333e+00 3.000000000000000000e+01
1.000000000000000000e+03 5.057438214799999696e+04 1.221000000000000000e+03 5.083264999999999922e+00 3.000000000000000000e+01
1.000000000000000000e+03 5.057440222599999834e+04 1.221000000000000000e+03 5.209769999999999790e+00 3.000000000000000000e+01
1.000000000000000000e+03 5.058237420199999906e+04 1.229000000000000000e+03 5.170824999999999783e+00 3.000000000000000000e+01
1.000000000000000000e+03 5.058240122400000109e+04 1.229000000000000000e+03 5.341075000000000017e+00 3.000000000000000000e+01
1.000000000000000000e+03 5.060031660600000032e+04 1.247000000000000000e+03 5.117601999999999762e+00 3.000000000000000000e+01
1.000000000000000000e+03 5.060033115600000019e+04 1.247000000000000000e+03 5.209273999999999738e+00 3.000000000000000000e+01
1.000000000000000000e+03 5.060227042999999685e+04 1.249000000000000000e+03 4.861080000000000290e+00 3.000000000000000000e+01
1.000000000000000000e+03 5.060229330299999856e+04 1.249000000000000000e+03 5.005187000000000275e+00 3.000000000000000000e+01
1.000000000000000000e+03 5.060424403899999743e+04 1.251000000000000000e+03 4.729208999999999996e+00 3.000000000000000000e+01
1.000000000000000000e+03 5.060425846699999965e+04 1.251000000000000000e+03 4.820114000000000232e+00 3.000000000000000000e+01
1.000000000000000000e+03 5.063716282399999909e+04 1.284000000000000000e+03 4.785217000000000276e+00 3.000000000000000000e+01
1.000000000000000000e+03 5.063717760999999882e+04 1.284000000000000000e+03 4.878373999999999988e+00 3.000000000000000000e+01
1.000000000000000000e+03 5.065810973799999920e+04 1.305000000000000000e+03 4.812013999999999569e+00 3.000000000000000000e+01
1.000000000000000000e+03 5.065812802299999748e+04 1.305000000000000000e+03 4.927214000000000205e+00 3.000000000000000000e+01
1.000000000000000000e+03 5.066209455300000263e+04 1.309000000000000000e+03 4.785152000000000072e+00 3.000000000000000000e+01
1.000000000000000000e+03 5.066210451900000044e+04 1.309000000000000000e+03 4.847944000000000031e+00 3.000000000000000000e+01
1.000000000000000000e+03 5.071003844899999967e+04 1.357000000000000000e+03 5.257412000000000418e+00 3.000000000000000000e+01
1.000000000000000000e+03 5.093435947100000340e+04 1.581000000000000000e+03 4.850215999999999639e+00 3.000000000000000000e+01
1.000000000000000000e+03 5.093438067400000000e+04 1.581000000000000000e+03 4.983799000000000312e+00 3.000000000000000000e+01
1.000000000000000000e+03 5.096033893900000112e+04 1.607000000000000000e+03 5.168124999999999858e+00 3.000000000000000000e+01
1.000000000000000000e+03 5.096035386699999799e+04 1.607000000000000000e+03 5.262182000000000137e+00 3.000000000000000000e+01
1.000000000000000000e+03 5.096531634800000029e+04 1.612000000000000000e+03 5.111811000000000327e+00 3.000000000000000000e+01
1.000000000000000000e+03 5.096533530299999984e+04 1.612000000000000000e+03 5.231234999999999857e+00 3.000000000000000000e+01
1.000000000000000000e+03 5.102609338099999877e+04 1.673000000000000000e+03 4.756402999999999714e+00 3.000000000000000000e+01
1.000000000000000000e+03 5.102611557500000345e+04 1.673000000000000000e+03 4.896232999999999613e+00 3.000000000000000000e+01
1.000000000000000000e+03 5.103827911799999856e+04 1.685000000000000000e+03 6.133049999999999891e+00 3.000000000000000000e+01
1.000000000000000000e+03 5.104511383999999816e+04 1.692000000000000000e+03 5.212155000000000094e+00 3.000000000000000000e+01
1.000000000000000000e+03 5.104512782000000152e+04 1.692000000000000000e+03 5.300229999999999997e+00 3.000000000000000000e+01
1.000000000000000000e+03 5.104515185999999812e+04 1.692000000000000000e+03 5.451693999999999818e+00 3.000000000000000000e+01
1.000000000000000000e+03 5.104517180499999813e+04 1.692000000000000000e+03 5.577352999999999561e+00 3.000000000000000000e+01
1.000000000000000000e+03 5.105003321600000345e+04 1.697000000000000000e+03 4.790202999999999989e+00 3.000000000000000000e+01
1.000000000000000000e+03 5.105005216099999961e+04 1.697000000000000000e+03 4.909568000000000154e+00 3.000000000000000000e+01
1.000000000000000000e+03 5.105007025900000008e+04 1.697000000000000000e+03 5.023592999999999975e+00 3.000000000000000000e+01
1.000000000000000000e+03 5.105008541100000002e+04 1.697000000000000000e+03 5.119049999999999656e+00 3.000000000000000000e+01
1.000000000000000000e+03 5.107601123199999711e+04 1.723000000000000000e+03 5.098970999999999698e+00 3.000000000000000000e+01
1.000000000000000000e+03 5.107602609300000040e+04 1.723000000000000000e+03 5.192597000000000129e+00 3.000000000000000000e+01
1.000000000000000000e+03 5.111107542100000137e+04 1.758000000000000000e+03 6.105484999999999829e+00 3.000000000000000000e+01
1.000000000000000000e+03 5.111109686599999986e+04 1.758000000000000000e+03 6.240593999999999753e+00 3.000000000000000000e+01
1.000000000000000000e+03 5.111214055299999745e+04 1.759000000000000000e+03 2.498569999999999958e-01 3.000000000000000000e+01
1.000000000000000000e+03 5.111215982000000076e+04 1.759000000000000000e+03 3.712449999999999917e-01 3.000000000000000000e+01
1.000000000000000000e+03 5.113908193600000232e+04 1.786000000000000000e+03 3.450210000000000221e-01 3.000000000000000000e+01
1.000000000000000000e+03 5.128539059000000270e+04 1.932000000000000000e+03 4.801268999999999565e+00 3.000000000000000000e+01
1.000000000000000000e+03 5.128738544700000057e+04 1.934000000000000000e+03 4.803274000000000044e+00 3.000000000000000000e+01
1.000000000000000000e+03 5.128740038800000184e+04 1.934000000000000000e+03 4.897407000000000288e+00 3.000000000000000000e+01
1.000000000000000000e+03 5.131430360199999996e+04 1.961000000000000000e+03 4.752089999999999925e+00 3.000000000000000000e+01
1.000000000000000000e+03 5.131431871400000091e+04 1.961000000000000000e+03 4.847305999999999671e+00 3.000000000000000000e+01
1.000000000000000000e+03 5.132028914500000246e+04 1.967000000000000000e+03 4.764223999999999570e+00 3.000000000000000000e+01
1.000000000000000000e+03 5.132030275599999732e+04 1.967000000000000000e+03 4.849975999999999843e+00 3.000000000000000000e+01
1.000000000000000000e+03 5.133633403600000020e+04 1.983000000000000000e+03 5.322300000000000253e+00 3.000000000000000000e+01
1.000000000000000000e+03 5.133635253999999986e+04 1.983000000000000000e+03 5.438882000000000438e+00 3.000000000000000000e+01
1.000000000000000000e+03 5.133641769699999713e+04 1.983000000000000000e+03 5.849400000000000155e+00 3.000000000000000000e+01
1.000000000000000000e+03 5.137315437199999724e+04 2.020000000000000000e+03 4.826848000000000027e+00 3.000000000000000000e+01
1.000000000000000000e+03 5.137317269800000213e+04 2.020000000000000000e+03 4.942313999999999652e+00 3.000000000000000000e+01
1.000000000000000000e+03 5.139508961899999849e+04 2.042000000000000000e+03 4.797342999999999691e+00 3.000000000000000000e+01
1.000000000000000000e+03 5.139510839999999735e+04 2.042000000000000000e+03 4.915671999999999819e+00 3.000000000000000000e+01
1.000000000000000000e+03 5.141016607600000134e+04 2.057000000000000000e+03 5.537097000000000158e+00 3.000000000000000000e+01
1.000000000000000000e+03 5.141019199400000070e+04 2.057000000000000000e+03 5.700389000000000372e+00 3.000000000000000000e+01
1.000000000000000000e+03 5.142900638900000195e+04 2.076000000000000000e+03 4.857853999999999672e+00 3.000000000000000000e+01
1.000000000000000000e+03 5.142902597699999751e+04 2.076000000000000000e+03 4.981270999999999560e+00 3.000000000000000000e+01
1.000000000000000000e+03 5.143203311199999735e+04 2.079000000000000000e+03 5.077828000000000230e+00 3.000000000000000000e+01
1.000000000000000000e+03 5.143205034300000261e+04 2.079000000000000000e+03 5.186391999999999669e+00 3.000000000000000000e+01
1.000000000000000000e+03 5.146508186099999875e+04 2.112000000000000000e+03 5.952657999999999561e+00 3.000000000000000000e+01
1.000000000000000000e+03 5.146510147000000143e+04 2.112000000000000000e+03 6.076202999999999577e+00 3.000000000000000000e+01
1.000000000000000000e+03 5.149508890499999688e+04 2.142000000000000000e+03 2.299390000000000045e-01 3.000000000000000000e+01
1.000000000000000000e+03 5.149512041499999759e+04 2.142000000000000000e+03 4.284629999999999828e-01 3.000000000000000000e+01
1.000000000000000000e+03 5.165039212399999815e+04 2.297000000000000000e+03 4.806767999999999930e+00 3.000000000000000000e+01
1.000000000000000000e+03 5.165040652299999783e+04 2.297000000000000000e+03 4.897490000000000343e+00 3.000000000000000000e+01
1.000000000000000000e+03 5.167137683200000174e+04 2.318000000000000000e+03 5.071685000000000443e+00 3.000000000000000000e+01
1.000000000000000000e+03 5.167140079500000138e+04 2.318000000000000000e+03 5.222661000000000442e+00 3.000000000000000000e+01
1.000000000000000000e+03 5.172319702500000130e+04 2.370000000000000000e+03 4.833372999999999919e+00 3.000000000000000000e+01
1.000000000000000000e+03 5.172321213400000124e+04 2.370000000000000000e+03 4.928564999999999863e+00 3.000000000000000000e+01
1.000000000000000000e+03 5.172323056899999938e+04 2.370000000000000000e+03 5.044711000000000389e+00 3.000000000000000000e+01
1.000000000000000000e+03 5.172324754599999869e+04 2.370000000000000000e+03 5.151677000000000284e+00 3.000000000000000000e+01
1.000000000000000000e+03 5.175618708499999775e+04 2.403000000000000000e+03 5.338441999999999688e+00 3.000000000000000000e+01
1.000000000000000000e+03 5.178919853000000148e+04 2.436000000000000000e+03 5.978239000000000303e+00 3.000000000000000000e+01
1.000000000000000000e+03 5.178921857099999761e+04 2.436000000000000000e+03 6.104504000000000374e+00 3.000000000000000000e+01
1.000000000000000000e+03 5.180402017899999919e+04 2.451000000000000000e+03 5.112603000000000009e+00 3.000000000000000000e+01
1.000000000000000000e+03 5.180404200899999705e+04 2.451000000000000000e+03 5.250141000000000169e+00 3.000000000000000000e+01
1.000000000000000000e+03 5.180514527899999666e+04 2.452000000000000000e+03 5.917983000000000438e+00 3.000000000000000000e+01
1.000000000000000000e+03 5.181200562999999966e+04 2.459000000000000000e+03 5.158558000000000199e+00 3.000000000000000000e+01
1.000000000000000000e+03 5.181202047699999821e+04 2.459000000000000000e+03 5.252099000000000295e+00 3.000000000000000000e+01
1.000000000000000000e+03 5.181204709300000104e+04 2.459000000000000000e+03 5.419793999999999556e+00 3.000000000000000000e+01
1.000000000000000000e+03 5.181207026600000245e+04 2.459000000000000000e+03 5.565790999999999933e+00 3.000000000000000000e+01
1.000000000000000000e+03 5.183802219099999638e+04 2.485000000000000000e+03 5.710169999999999746e+00 3.000000000000000000e+01
1.000000000000000000e+03 5.183804866200000106e+04 2.485000000000000000e+03 5.876951000000000036e+00 3.000000000000000000e+01
1.000000000000000000e+03 5.186909523099999933e+04 2.516000000000000000e+03 4.204539999999999944e-01 3.000000000000000000e+01
1.000000000000000000e+03 5.202339695799999754e+04 2.670000000000000000e+03 4.970683000000000185e+00 3.000000000000000000e+01
1.000000000000000000e+03 5.203441259400000126e+04 2.681000000000000000e+03 5.258422999999999625e+00 3.000000000000000000e+01
1.000000000000000000e+03 5.207423052900000039e+04 2.721000000000000000e+03 4.799455000000000027e+00 3.000000000000000000e+01
1.000000000000000000e+03 5.207424879399999918e+04 2.721000000000000000e+03 4.914533999999999736e+00 3.000000000000000000e+01
1.000000000000000000e+03 5.207439414199999737e+04 2.721000000000000000e+03 5.830282000000000409e+00 3.000000000000000000e+01
1.000000000000000000e+03 5.207440640100000019e+04 2.721000000000000000e+03 5.907518999999999743e+00 3.000000000000000000e+01
1.000000000000000000e+03 5.207442230299999937e+04 2.721000000000000000e+03 6.007704999999999629e+00 3.000000000000000000e+01
1.000000000000000000e+03 5.208223067900000024e+04 2.729000000000000000e+03 4.938022000000000133e+00 3.000000000000000000e+01
1.000000000000000000e+03 5.208224793399999908e+04 2.729000000000000000e+03 5.046738000000000390e+00 3.000000000000000000e+01
1.000000000000000000e+03 5.210332570000000123e+04 2.750000000000000000e+03 5.897953000000000223e+00 3.000000000000000000e+01
1.000000000000000000e+03 5.210334032499999739e+04 2.750000000000000000e+03 5.990094000000000030e+00 3.000000000000000000e+01
1.000000000000000000e+03 5.210519131499999639e+04 2.752000000000000000e+03 5.085679999999999978e+00 3.000000000000000000e+01
1.000000000000000000e+03 5.213213563799999974e+04 2.779000000000000000e+03 5.199368999999999907e+00 3.000000000000000000e+01
1.000000000000000000e+03 5.213214918999999645e+04 2.779000000000000000e+03 5.284748999999999697e+00 3.000000000000000000e+01
1.000000000000000000e+03 5.216018321799999831e+04 2.807000000000000000e+03 5.980818000000000190e+00 3.000000000000000000e+01
1.000000000000000000e+03 5.216020283799999743e+04 2.807000000000000000e+03 6.104433000000000220e+00 3.000000000000000000e+01
1.000000000000000000e+03 5.216099777999999787e+04 2.808000000000000000e+03 4.829690000000000261e+00 3.000000000000000000e+01
1.000000000000000000e+03 5.216101946499999758e+04 2.808000000000000000e+03 4.966313000000000422e+00 3.000000000000000000e+01
1.000000000000000000e+03 5.217300420499999746e+04 2.820000000000000000e+03 5.076601000000000141e+00 3.000000000000000000e+01
1.000000000000000000e+03 5.217302421899999899e+04 2.820000000000000000e+03 5.202697999999999823e+00 3.000000000000000000e+01
1.000000000000000000e+03 5.220109907899999962e+04 2.848000000000000000e+03 6.156023000000000245e+00 3.000000000000000000e+01
1.000000000000000000e+03 5.220113640499999747e+04 2.848000000000000000e+03 1.080070000000000058e-01 3.000000000000000000e+01
1.000000000000000000e+03 5.223210421900000074e+04 2.879000000000000000e+03 4.385129999999999861e-01 3.000000000000000000e+01
1.000000000000000000e+03 5.238836364599999797e+04 3.035000000000000000e+03 4.756634000000000029e+00 3.000000000000000000e+01
1.000000000000000000e+03 5.238838016800000332e+04 3.035000000000000000e+03 4.860731000000000357e+00 3.000000000000000000e+01
1.000000000000000000e+03 5.240533333600000333e+04 3.052000000000000000e+03 4.858120000000000438e+00 3.000000000000000000e+01
1.000000000000000000e+03 5.240535133499999938e+04 3.052000000000000000e+03 4.971521000000000079e+00 3.000000000000000000e+01
1.000000000000000000e+03 5.245939441400000214e+04 3.106000000000000000e+03 6.171883000000000230e+00 3.000000000000000000e+01
1.000000000000000000e+03 5.245941169100000116e+04 3.106000000000000000e+03 6.280737000000000236e+00 3.000000000000000000e+01
1.000000000000000000e+03 5.248510672999999952e+04 3.132000000000000000e+03 4.806638000000000410e+00 3.000000000000000000e+01
1.000000000000000000e+03 5.248512254799999937e+04 3.132000000000000000e+03 4.906292999999999793e+00 3.000000000000000000e+01
1.000000000000000000e+03 5.248517170500000066e+04 3.132000000000000000e+03 5.216003999999999863e+00 3.000000000000000000e+01
1.000000000000000000e+03 5.251307198899999639e+04 3.160000000000000000e+03 5.069435000000000358e+00 3.000000000000000000e+01
1.000000000000000000e+03 5.251402472600000328e+04 3.161000000000000000e+03 4.788859000000000421e+00 3.000000000000000000e+01
1.000000000000000000e+03 5.251403821199999948e+04 3.161000000000000000e+03 4.873829999999999885e+00 3.000000000000000000e+01
1.000000000000000000e+03 5.252300922500000161e+04 3.170000000000000000e+03 4.846021000000000356e+00 3.000000000000000000e+01
1.000000000000000000e+03 5.252302273499999865e+04 3.170000000000000000e+03 4.931142999999999610e+00 3.000000000000000000e+01
1.000000000000000000e+03 5.252599825699999928e+04 3.173000000000000000e+03 4.828532000000000046e+00 3.000000000000000000e+01
1.000000000000000000e+03 5.252601305000000139e+04 3.173000000000000000e+03 4.921727999999999881e+00 3.000000000000000000e+01
1.000000000000000000e+03 5.252601576300000306e+04 3.173000000000000000e+03 4.938820999999999906e+00 3.000000000000000000e+01
1.000000000000000000e+03 5.252602956999999878e+04 3.173000000000000000e+03 5.025812000000000168e+00 3.000000000000000000e+01
1.000000000000000000e+03 5.252603494499999942e+04 3.173000000000000000e+03 5.059675000000000367e+00 3.000000000000000000e+01
1.000000000000000000e+03 5.252604877400000260e+04 3.173000000000000000e+03 5.146808000000000050e+00 3.000000000000000000e+01
1.000000000000000000e+03 5.257609503299999778e+04 3.223000000000000000e+03 1.520700000000000003e-02 3.000000000000000000e+01
1.000000000000000000e+03 5.257611074999999983e+04 3.223000000000000000e+03 1.142350000000000032e-01 3.000000000000000000e+01
1.000000000000000000e+03 5.261105506600000081e+04 3.258000000000000000e+03 3.655019999999999936e-01 3.000000000000000000e+01
1.000000000000000000e+03 5.261106968700000289e+04 3.258000000000000000e+03 4.576169999999999960e-01 3.000000000000000000e+01
1.000000000000000000e+03 5.275637537400000292e+04 3.403000000000000000e+03 4.877969000000000221e+00 3.000000000000000000e+01
1.000000000000000000e+03 5.275639240399999835e+04 3.403000000000000000e+03 4.985263999999999918e+00 3.000000000000000000e+01
1.000000000000000000e+03 5.276834439900000143e+04 3.415000000000000000e+03 4.889249000000000400e+00 3.000000000000000000e+01
1.000000000000000000e+03 5.276835564400000294e+04 3.415000000000000000e+03 4.960094999999999921e+00 3.000000000000000000e+01
1.000000000000000000e+03 5.278930858099999750e+04 3.436000000000000000e+03 5.024836999999999776e+00 3.000000000000000000e+01
1.000000000000000000e+03 5.278932756900000095e+04 3.436000000000000000e+03 5.144473999999999769e+00 3.000000000000000000e+01
1.000000000000000000e+03 5.279127029800000309e+04 3.438000000000000000e+03 4.818044000000000437e+00 3.000000000000000000e+01
1.000000000000000000e+03 5.279129370100000233e+04 3.438000000000000000e+03 4.965497000000000050e+00 3.000000000000000000e+01
1.000000000000000000e+03 5.279326572100000340e+04 3.440000000000000000e+03 4.823616999999999599e+00 3.000000000000000000e+01
1.000000000000000000e+03 5.279327739899999870e+04 3.440000000000000000e+03 4.897191000000000294e+00 3.000000000000000000e+01
1.000000000000000000e+03 5.284029147899999953e+04 3.487000000000000000e+03 5.794432999999999723e+00 3.000000000000000000e+01
1.000000000000000000e+03 5.284030769799999689e+04 3.487000000000000000e+03 5.896615999999999858e+00 3.000000000000000000e+01
1.000000000000000000e+03 5.284032415500000207e+04 3.487000000000000000e+03 6.000302999999999720e+00 3.000000000000000000e+01
1.000000000000000000e+03 5.284034133799999836e+04 3.487000000000000000e+03 6.108564000000000327e+00 3.000000000000000000e+01
1.000000000000000000e+03 5.284910585600000195e+04 3.496000000000000000e+03 4.779759000000000313e+00 3.000000000000000000e+01
1.000000000000000000e+03 5.284912387799999851e+04 3.496000000000000000e+03 4.893305999999999933e+00 3.000000000000000000e+01
1.000000000000000000e+03 5.289801235099999758e+04 3.545000000000000000e+03 5.033579999999999721e+00 3.000000000000000000e+01
1.000000000000000000e+03 5.289803024300000106e+04 3.545000000000000000e+03 5.146308999999999578e+00 3.000000000000000000e+01
1.000000000000000000e+03 5.293717833399999654e+04 3.584000000000000000e+03 4.670579999999999732e-01 3.000000000000000000e+01
