1.000000000000000000e+03 4.954615672300000006e+04 1.930000000000000000e+02 4.828088000000000157e+00
1.000000000000000000e+03 4.954617142099999910e+04 1.930000000000000000e+02 4.920689999999999564e+00
1.000000000000000000e+03 4.957308126700000139e+04 2.200000000000000000e+02 4.817159000000000191e+00
1.000000000000000000e+03 4.957309875499999907e+04 2.200000000000000000e+02 4.927342999999999584e+00
1.000000000000000000e+03 4.983835079599999881e+04 4.850000000000000000e+02 4.790853000000000250e+00
1.000000000000000000e+03 4.983836926200000016e+04 4.850000000000000000e+02 4.907199999999999562e+00
1.000000000000000000e+03 4.989320487799999682e+04 5.400000000000000000e+02 4.817667000000000144e+00
1.000000000000000000e+03 4.989322208099999989e+04 5.400000000000000000e+02 4.926055999999999990e+00
1.000000000000000000e+03 4.989919229700000142e+04 5.460000000000000000e+02 4.841618000000000421e+00
1.000000000000000000e+03 4.989920766700000240e+04 5.460000000000000000e+02 4.938455000000000261e+00
1.000000000000000000e+03 4.995003530399999727e+04 5.970000000000000000e+02 4.729847000000000357e+00
1.000000000000000000e+03 4.995004993500000273e+04 5.970000000000000000e+02 4.822025000000000006e+00
1.000000000000000000e+03 5.018938451000000350e+04 8.360000000000000000e+02 4.758259999999999934e+00
1.000000000000000000e+03 5.018940266900000279e+04 8.360000000000000000e+02 4.872669000000000139e+00
1.000000000000000000e+03 5.025620815700000094e+04 9.030000000000000000e+02 4.799756999999999607e+00
1.000000000000000000e+03 5.025622623700000258e+04 9.030000000000000000e+02 4.913666000000000089e+00
1.000000000000000000e+03 5.027515389799999684e+04 9.220000000000000000e+02 4.784754000000000396e+00
1.000000000000000000e+03 5.027516466699999728e+04 9.220000000000000000e+02 4.852605999999999753e+00
1.000000000000000000e+03 5.031106175100000110e+04 9.580000000000000000e+02 4.823495000000000310e+00
1.000000000000000000e+03 5.031107475100000011e+04 9.580000000000000000e+02 4.905397999999999925e+00
1.000000000000000000e+03 5.054740186700000049e+04 1.194000000000000000e+03 4.743030000000000079e+00
1.000000000000000000e+03 5.064016390800000227e+04 1.287000000000000000e+03 4.843657000000000323e+00
1.000000000000000000e+03 5.064018303800000285e+04 1.287000000000000000e+03 4.964180999999999955e+00
1.000000000000000000e+03 5.065516842100000213e+04 1.302000000000000000e+03 5.130130000000000301e+00
1.000000000000000000e+03 5.069300312899999699e+04 1.340000000000000000e+03 4.742429999999999701e+00
1.000000000000000000e+03 5.069302052099999855e+04 1.340000000000000000e+03 4.852011000000000074e+00
1.000000000000000000e+03 5.069309572299999854e+04 1.340000000000000000e+03 5.325814000000000270e+00
1.000000000000000000e+03 5.071104642900000181e+04 1.358000000000000000e+03 5.324893000000000320e+00
1.000000000000000000e+03 5.071106148399999802e+04 1.358000000000000000e+03 5.419740000000000002e+00
1.000000000000000000e+03 5.092638869400000112e+04 1.573000000000000000e+03 4.896709999999999674e+00
1.000000000000000000e+03 5.092640546200000244e+04 1.573000000000000000e+03 5.002350999999999992e+00
1.000000000000000000e+03 5.095927223999999842e+04 1.606000000000000000e+03 4.730697000000000152e+00
1.000000000000000000e+03 5.095929040399999940e+04 1.606000000000000000e+03 4.845137000000000249e+00
1.000000000000000000e+03 5.101214913499999966e+04 1.659000000000000000e+03 4.866833999999999882e+00
1.000000000000000000e+03 5.095929040399999940e+04 1.606000000000000000e+03 4.845137000000000249e+00
1.000000000000000000e+03 5.101214913499999966e+04 1.659000000000000000e+03 4.866833999999999882e+00
1.000000000000000000e+03 5.101216320100000303e+04 1.659000000000000000e+03 4.955452000000000190e+00
1.000000000000000000e+03 5.102312277300000278e+04 1.670000000000000000e+03 4.889975999999999878e+00
1.000000000000000000e+03 5.102313973200000328e+04 1.670000000000000000e+03 4.996823000000000015e+00
1.000000000000000000e+03 5.109909904500000266e+04 1.746000000000000000e+03 6.047888000000000375e+00
1.000000000000000000e+03 5.109912218700000085e+04 1.746000000000000000e+03 6.193692999999999671e+00
1.000000000000000000e+03 5.131739327800000319e+04 1.964000000000000000e+03 5.368695999999999913e+00
1.000000000000000000e+03 5.131741384999999718e+04 1.964000000000000000e+03 5.498307999999999751e+00
1.000000000000000000e+03 5.136617127400000027e+04 2.013000000000000000e+03 4.812918999999999947e+00
1.000000000000000000e+03 5.136618792099999700e+04 2.013000000000000000e+03 4.917803000000000146e+00
1.000000000000000000e+03 5.142200658899999689e+04 2.069000000000000000e+03 4.738699999999999690e+00
1.000000000000000000e+03 5.142202202199999738e+04 2.069000000000000000e+03 4.835931999999999675e+00
1.000000000000000000e+03 5.142207578600000124e+04 2.069000000000000000e+03 5.174665000000000070e+00
1.000000000000000000e+03 5.142209114699999918e+04 2.069000000000000000e+03 5.271442999999999657e+00
1.000000000000000000e+03 5.166438878999999724e+04 2.311000000000000000e+03 5.026604999999999990e+00
1.000000000000000000e+03 5.166441183099999762e+04 2.311000000000000000e+03 5.171768000000000143e+00
1.000000000000000000e+03 5.172121194000000105e+04 2.368000000000000000e+03 4.892940000000000289e+00
1.000000000000000000e+03 5.172122866500000237e+04 2.368000000000000000e+03 4.998311000000000170e+00
1.000000000000000000e+03 5.172128832500000135e+04 2.368000000000000000e+03 5.374195000000000277e+00
1.000000000000000000e+03 5.172130432699999801e+04 2.368000000000000000e+03 5.475012000000000434e+00
1.000000000000000000e+03 5.175710615300000063e+04 2.404000000000000000e+03 4.845737999999999879e+00
1.000000000000000000e+03 5.175712059299999964e+04 2.404000000000000000e+03 4.936719000000000079e+00
1.000000000000000000e+03 5.178601082699999824e+04 2.433000000000000000e+03 4.744028000000000134e+00
1.000000000000000000e+03 5.178603341899999941e+04 2.433000000000000000e+03 4.886365999999999765e+00
1.000000000000000000e+03 5.202038346900000033e+04 2.667000000000000000e+03 4.834086000000000105e+00
1.000000000000000000e+03 5.202039855199999874e+04 2.667000000000000000e+03 4.929113000000000078e+00
1.000000000000000000e+03 5.203235145500000363e+04 2.679000000000000000e+03 4.838817999999999842e+00
1.000000000000000000e+03 5.203236863699999958e+04 2.679000000000000000e+03 4.947073999999999749e+00
1.000000000000000000e+03 5.208620224700000108e+04 2.733000000000000000e+03 4.827700000000000102e+00
1.000000000000000000e+03 5.208622071999999753e+04 2.733000000000000000e+03 4.944086000000000425e+00
1.000000000000000000e+03 5.213321542600000248e+04 2.780000000000000000e+03 5.719266000000000183e+00
1.000000000000000000e+03 5.213323632799999905e+04 2.780000000000000000e+03 5.850957000000000185e+00
1.000000000000000000e+03 5.216299913899999956e+04 2.810000000000000000e+03 4.872654999999999959e+00
1.000000000000000000e+03 5.213323632799999905e+04 2.780000000000000000e+03 5.850957000000000185e+00
1.000000000000000000e+03 5.216299913899999956e+04 2.810000000000000000e+03 4.872654999999999959e+00
1.000000000000000000e+03 5.216301273799999763e+04 2.810000000000000000e+03 4.958337000000000216e+00
1.000000000000000000e+03 5.237539539599999989e+04 3.022000000000000000e+03 4.733037000000000383e+00
1.000000000000000000e+03 5.237640492500000255e+04 3.023000000000000000e+03 4.810275999999999996e+00
1.000000000000000000e+03 5.240433198899999843e+04 3.051000000000000000e+03 4.832425999999999888e+00
1.000000000000000000e+03 5.240435194000000047e+04 3.051000000000000000e+03 4.958128000000000313e+00
1.000000000000000000e+03 5.240830686699999933e+04 3.055000000000000000e+03 4.742962999999999596e+00
1.000000000000000000e+03 5.240832170200000110e+04 3.055000000000000000e+03 4.836425000000000196e+00
1.000000000000000000e+03 5.249508192899999995e+04 3.142000000000000000e+03 4.822409000000000390e+00
1.000000000000000000e+03 5.249509980000000360e+04 3.142000000000000000e+03 4.934999999999999609e+00
1.000000000000000000e+03 5.251502540900000167e+04 3.162000000000000000e+03 4.810368000000000421e+00
1.000000000000000000e+03 5.251504365300000063e+04 3.162000000000000000e+03 4.925309000000000381e+00
1.000000000000000000e+03 5.276234481399999640e+04 3.409000000000000000e+03 4.788649000000000377e+00
1.000000000000000000e+03 5.276236531799999648e+04 3.409000000000000000e+03 4.917830999999999619e+00
1.000000000000000000e+03 5.279231627499999740e+04 3.439000000000000000e+03 5.124920000000000364e+00
1.000000000000000000e+03 5.279232990799999970e+04 3.439000000000000000e+03 5.210817999999999728e+00
1.000000000000000000e+03 5.284119781700000021e+04 3.488000000000000000e+03 5.221524999999999750e+00
1.000000000000000000e+03 5.284314355899999646e+04 3.490000000000000000e+03 4.914086000000000176e+00
1.000000000000000000e+03 5.284316122699999687e+04 3.490000000000000000e+03 5.025403999999999982e+00
1.000000000000000000e+03 5.286805576399999700e+04 3.515000000000000000e+03 4.791013000000000410e+00
1.000000000000000000e+03 5.286807805299999745e+04 3.515000000000000000e+03 4.931443999999999939e+00
1.000000000000000000e+03 5.287205119500000001e+04 3.519000000000000000e+03 4.831038999999999639e+00
1.000000000000000000e+03 5.287206583099999989e+04 3.519000000000000000e+03 4.923249000000000208e+00
